1.00E-03	3.61E+03	3.60E+03
1.50E-03	1.19E+03	1.19E+03
2.00E-03	5.28E+02	5.26E+02
3.00E-03	1.63E+02	1.61E+02
3.20E-03	1.34E+02	1.33E+02
3.20E-03	1.49E+02	1.46E+02
4.00E-03	7.79E+01	7.64E+01
5.00E-03	4.03E+01	3.93E+01
6.00E-03	2.34E+01	2.27E+01
8.00E-03	9.92E+00	9.45E+00
1.00E-02	5.12E+00	4.74E+00
1.50E-02	1.61E+00	1.33E+00
2.00E-02	7.78E-01	5.39E-01
3.00E-02	3.54E-01	1.54E-01
4.00E-02	2.49E-01	6.83E-02
5.00E-02	2.08E-01	4.10E-02
6.00E-02	1.88E-01	3.04E-02
8.00E-02	1.66E-01	2.41E-02
1.00E-01	1.54E-01	2.33E-02
1.50E-01	1.36E-01	2.50E-02
2.00E-01	1.23E-01	2.67E-02
3.00E-01	1.07E-01	2.87E-02
4.00E-01	9.55E-02	2.95E-02
5.00E-01	8.71E-02	2.97E-02
6.00E-01	8.06E-02	2.95E-02
8.00E-01	7.07E-02	2.88E-02
1.00E+00	6.36E-02	2.79E-02
1.25E+00	5.69E-02	2.67E-02
1.50E+00	5.18E-02	2.55E-02
2.00E+00	4.45E-02	2.35E-02
3.00E+00	3.58E-02	2.06E-02
4.00E+00	3.08E-02	1.87E-02
5.00E+00	2.75E-02	1.74E-02
6.00E+00	2.52E-02	1.65E-02
8.00E+00	2.23E-02	1.53E-02
1.00E+01	2.05E-02	1.45E-02
1.50E+01	1.81E-02	1.35E-02
2.00E+01	1.71E-02	1.31E-02
